1008
1003
1019
1004
998
1000
997
1015
1001
1015
1001
1013
1016
1000
1017
1016
1008
1012
1000
1005
1022
1000
1012
1022
997
1002
995
1014
1007
1012
1017
1019
1011
1011
1016
1023
1016
995
1012
1007
1004
1004
1005
1023
1021
999
998
996
1007
1008
1001
995
1011
1011
1011
1012
1008
1007
1003
1014
1017
1016
1018
1014
1010
1021
1003
1018
996
997
1022
1008
1023
994
1020
1014
1008
1005
1006
1010
1003
1000
996
998
1019
1000
1003
1012
997
1014
1014
1004
1015
1022
1018
1009
1016
1000
1000
1004
996
1004
1003
1019
1022
1020
1017
1013
1006
1003
995
1007
1017
997
1010
1009
1005
994
1022
1008
1018
1016
995
1017
1013
1014
998
1023
1018
1015
996
1012
994
1001
998
1012
1005
1015
1016
1008
1018
1019
1014
1011
1004
1021
1015
1015
998
1016
1014
1011
999
998
1018
1014
1007
1014
1004
1003
1023
1020
1007
1017
1011
1015
1009
998
1007
1010
1014
1001
996
1019
996
1020
1019
1019
1002
1003
999
1004
1009
994
1004
1020
1006
1016
1017
998
1009
1012
1007
1009
998
1022
1019
1012
1007
1007
998
1023
994
1007
1004
1005
1002
1007
1018
998
1004
1000
1012
1010
995
1022
1009
998
1021
1011
1009
1009
1014
1002
1019
999
1011
1017
1002
1019
1000
1002
1002
1009
1000
1012
1021
999
1017
1007
1002
1023
1009
1015
1022
1016
1014
1000
1000
1010
995
997
1017
1004
1014
996
1016
1002
998
1000
1000
1014
1006
1013
1010
1007
996
1000
1004
1012
1013
1008
1011
1014
999
1000
994
995
1022
1006
1009
1014
1004
994
1000
997
1006
1005
998
1018
1005
1018
1014
1015
1022
1009
1017
1018
1015
1018
1021
1011
1016
1021
1012
998
1008
996
1015
1002
1011
1003
1023
1005
1018
1002
1012
1007
1009
1007
1009
1013
1008
1007
1022
1020
998
1005
1012
996
1006
1022
1013
1001
995
1021
1014
997
995
1015
1010
1006
999
1003
1015
1002
1018
1021
1012
1008
1013
1011
1002
994
1011
1008
995
1009
999
1009
1006
1003
1009
1001
1021
1015
1009
1009
1007
1011
1003
1017
1019
1020
1021
998
1012
995
1005
1012
1008
1012
1019
1020
1000
995
1012
1007
1005
1009
1022
1005
1014
1006
999
1015
998
1019
1020
994
1001
996
1001
994
1018
1019
1010
1021
1023
1004
998
1013
1002
997
999
995
1006
994
1014
1004
1008
996
1013
1005
1008
1022
1001
1021
1017
1016
994
1006
1006
1007
1023
1020
997
1013
1014
1009
996
996
1005
1002
1018
1012
1003
1011
1005
995
1016
1009
1004
1022
999
1013
1021
1017
994
1004
1007
1014
1009
1008
1021
1015
1005
1016
995
999
1012
1012
1012
998
1012
1011
1014
1002
995
1000
1005
995
1014
996
999
1021
1017
999
1012
1007
1010
1014
1014
995
1008
1017
1006
1010
1023
1001
